$offsymxref offsymlist
$offlisting

Sets
  i 'nodes' / 
    1,
    2,
    3,
    4,
    5,
    6,
    7,
    16,
    29,
    90,
    205,
    206,
    220,
    250,
    285,
    286,
    287,
    288,
    289,
    290,
    292,
    367,
    414,
    446,
    447,
    454,
    455,
    458,
    461,
    472
  /

  l(i,i) 'lines - actual lines in the subset (canonical u < v)' / 
    1.2,
    2.6,
    2.4,
    2.287,
    2.447,
    3.4,
    3.206,
    3.7,
    3.458,
    3.472,
    4.90,
    4.205,
    4.286,
    5.6,
    5.7,
    5.16,
    5.285,
    5.288,
    5.289,
    5.292,
    5.29,
    6.220,
    6.290,
    6.455,
    206.458,
    220.455,
    250.455,
    287.414,
    287.447,
    288.290,
    288.461,
    289.461,
    290.367,
    290.461,
    292.458,
    446.447,
    454.455
  /
;

Alias(i,j,k);
Set line_tuples(i,j) 'all actual line connections (both directions)';
line_tuples(i,j)$(l(i,j) or l(j,i)) = yes;

Parameters
  P_inj(i) 'net power injection at node i in pu'
    1 0.00000000
    2 -2.57392222
    3 0.32888831
    4 0.43729095
    5 0.32888831
    6 -2.00187552
    7 0.00000000
    16 0.00000000
    29 0.53987642
    90 0.56243288
    205 0.16444416
    206 0.00000000
    220 -0.17513684
    250 -0.35540194
    285 -0.07450027
    286 0.23354457
    287 0.26912463
    288 -1.13777124
    289 -0.29497756
    290 -1.56845474
    292 0.14103781
    367 0.00000000
    414 -0.25436505
    446 0.00000000
    447 -1.15026315
    454 0.00000000
    455 -1.75309450
    458 0.81610576
    461 -1.73403457
    472 1.79029981
  ;

  x(i,j) 'reactance of line l in pu (symmetric)'
    1.2 0.02867769
    2.1 0.02867769
    2.6 0.04935207
    6.2 0.04935207
    2.4 0.00018303
    4.2 0.00018303
    2.287 0.05058116
    287.2 0.05058116
    2.447 0.02824397
    447.2 0.02824397
    3.4 0.01258328
    4.3 0.01258328
    3.206 0.00024671
    206.3 0.00024671
    3.7 0.00933276
    7.3 0.00933276
    3.458 0.00027943
    458.3 0.00027943
    3.472 0.00503269
    472.3 0.00503269
    4.90 0.01368767
    90.4 0.01368767
    4.205 0.00450052
    205.4 0.00450052
    4.286 0.00019339
    286.4 0.00019339
    5.6 0.02240132
    6.5 0.02240132
    5.7 0.00579484
    7.5 0.00579484
    5.16 0.00624280
    16.5 0.00624280
    5.285 0.00708826
    285.5 0.00708826
    5.288 0.01061289
    288.5 0.01061289
    5.289 0.00440066
    289.5 0.00440066
    5.292 0.00161946
    292.5 0.00161946
    5.29 0.01486807
    29.5 0.01486807
    6.220 0.03210050
    220.6 0.03210050
    6.290 0.00979359
    290.6 0.00979359
    6.455 0.04033124
    455.6 0.04033124
    206.458 0.00014820
    458.206 0.00014820
    220.455 0.00881983
    455.220 0.00881983
    250.455 0.02026446
    455.250 0.02026446
    287.414 0.02566678
    414.287 0.02566678
    287.447 0.02239074
    447.287 0.02239074
    288.290 0.02029752
    290.288 0.02029752
    288.461 0.00094744
    461.288 0.00094744
    289.461 0.00559603
    461.289 0.00559603
    290.367 0.01753917
    367.290 0.01753917
    290.461 0.01935008
    461.290 0.01935008
    292.458 0.01323753
    458.292 0.01323753
    446.447 0.00052694
    447.446 0.00052694
    454.455 0.00346711
    455.454 0.00346711
  ;

  F_max_initial(i,j) 'initial thermal limit of line l in pu (symmetric)'
    1.2 0.42973047
    2.1 0.42973047
    2.6 0.73953269
    6.2 0.73953269
    2.4 0.08972511
    4.2 0.08972511
    2.287 0.75795042
    287.2 0.75795042
    2.447 0.42323126
    447.2 0.42323126
    3.4 4.97506154
    4.3 4.97506154
    3.206 0.19174395
    206.3 0.19174395
    3.7 3.68990063
    7.3 3.68990063
    3.458 0.11047935
    458.3 0.11047935
    3.472 2.29527686
    472.3 2.29527686
    4.90 5.41170822
    90.4 5.41170822
    4.205 3.55874919
    205.4 3.55874919
    4.286 0.07645937
    286.4 0.07645937
    5.6 0.33568018
    6.5 0.33568018
    5.7 2.29111164
    7.5 2.29111164
    5.16 2.34498572
    16.5 2.34498572
    5.285 0.05310825
    285.5 0.05310825
    5.288 0.15903247
    288.5 0.15903247
    5.289 0.06594319
    289.5 0.06594319
    5.292 0.64028736
    292.5 0.64028736
    5.29 5.87840474
    29.5 5.87840474
    6.220 0.24051036
    220.6 0.24051036
    6.290 0.17485052
    290.6 0.17485052
    6.455 0.30217854
    455.6 0.30217854
    206.458 0.05859375
    458.206 0.05859375
    220.455 0.06608190
    455.220 0.06608190
    250.455 0.15182984
    455.250 0.15182984
    287.414 0.19230624
    414.287 0.19230624
    287.447 0.33552166
    447.287 0.33552166
    288.290 0.30415505
    290.288 0.30415505
    288.461 0.01419720
    461.288 0.01419720
    289.461 0.08385565
    461.289 0.08385565
    290.367 0.26282167
    367.290 0.26282167
    290.461 0.28995785
    461.290 0.28995785
    292.458 5.23373654
    458.292 5.23373654
    446.447 0.00789614
    447.446 0.00789614
    454.455 0.02597702
    455.454 0.02597702
  ;

  cost_reinforce(i,j) 'reinforcement cost of line l (symmetric)'
    1.2 43375.00
    2.1 43375.00
    2.6 74645.00
    6.2 74645.00
    2.4 902.00
    4.2 902.00
    2.287 76504.00
    287.2 76504.00
    2.447 42719.00
    447.2 42719.00
    3.4 72681.00
    4.3 72681.00
    3.206 1820.00
    206.3 1820.00
    3.7 53906.00
    7.3 53906.00
    3.458 1614.00
    458.3 1614.00
    3.472 29051.00
    472.3 29051.00
    4.90 79060.00
    90.4 79060.00
    4.205 25995.00
    205.4 25995.00
    4.286 1117.00
    286.4 1117.00
    5.6 33882.00
    6.5 33882.00
    5.7 33471.00
    7.5 33471.00
    5.16 36248.00
    16.5 36248.00
    5.285 10721.00
    285.5 10721.00
    5.288 16052.00
    288.5 16052.00
    5.289 6656.00
    289.5 6656.00
    5.292 9354.00
    292.5 9354.00
    5.29 85878.00
    29.5 85878.00
    6.220 48552.00
    220.6 48552.00
    6.290 14726.00
    290.6 14726.00
    6.455 61001.00
    455.6 61001.00
    206.458 856.00
    458.206 856.00
    220.455 13340.00
    455.220 13340.00
    250.455 30650.00
    455.250 30650.00
    287.414 38821.00
    414.287 38821.00
    287.447 33866.00
    447.287 33866.00
    288.290 30700.00
    290.288 30700.00
    288.461 1433.00
    461.288 1433.00
    289.461 8464.00
    461.289 8464.00
    290.367 26528.00
    367.290 26528.00
    290.461 29267.00
    461.290 29267.00
    292.458 76460.00
    458.292 76460.00
    446.447 797.00
    447.446 797.00
    454.455 5244.00
    455.454 5244.00
  ;

Scalars
  Budget / 231271.20 /
  ReinforcementFactor / 2.0 /
  SlackNodeValue 'ID of the slack bus node (as number)' / 1 /
;

$onlisting
